[[147355094450.47583, 171954194.57028675, 0.0, 0.0, -147183140255.90552, 0.0, -171954194.57028675, -171954194.57028675, 0.0, 0.0, 0.0, 0.0],
 [171954194.57028675, 171954194.57028675, 0.0, 0.0, 0.0, 0.0, -171954194.57028675, -171954194.57028675, 0.0, 0.0, 0.0, 0.0],
 [0.0, 0.0, 112596011334.68916, -39415660394.181725, -39415660394.181725, 39415660394.181725, -73180350940.50745, 0.0, 0.0, 0.0, 0.0, 0.0],
 [0.0, 0.0, -39415660394.181725, 39415660394.181725, 39415660394.181725, -39415660394.181725, 0.0, 0.0, 0.0, 0.0, 0.0, 0.0],
 [-147183140255.90552, 0.0, -39415660394.181725, 39415660394.181725, 304487392969.76154, -26567989443.71129, 0.0, 0.0, -105040921369.20384, 0.0, -12847670950.470432, -12847670950.470432],
 [0.0, 0.0, 39415660394.181725, -39415660394.181725, -26567989443.71129, 52757080907.20683, 0.0, -493749562.5546807, 0.0, 0.0, -12847670950.470432, -12847670950.470432],
 [-171954194.57028675, -171954194.57028675, -73180350940.50745, 0.0, 0.0, 0.0, 176781872565.89978, -629112416.0418026, -801066610.6120894, 801066610.6120894, -102628500820.20998, 0.0],
 [-171954194.57028675, -171954194.57028675, 0.0, 0.0, 0.0, -493749562.5546807, -629112416.0418026, 1466770367.737057, 801066610.6120894, -801066610.6120894, 0.0, 0.0],
 [0.0, 0.0, 0.0, 0.0, -105040921369.20384, 0.0, -801066610.6120894, 801066610.6120894, 105841987979.81593, -801066610.6120894, 0.0, 0.0],
 [0.0, 0.0, 0.0, 0.0, 0.0, 0.0, 801066610.6120894, -801066610.6120894, -801066610.6120894, 1287426518.7485723, 0.0, -486359908.13648295],
 [0.0, 0.0, 0.0, 0.0, -12847670950.470432, -12847670950.470432, -102628500820.20998, 0.0, 0.0, 0.0, 115476171770.6804, 12847670950.470432],
 [0.0, 0.0, 0.0, 0.0, -12847670950.470432, -12847670950.470432, 0.0, 0.0, 0.0, -486359908.13648295, 12847670950.470432, 13334030858.606915]]
