[[ 1.47355094e+11  1.71954195e+08  0.00000000e+00  0.00000000e+00
  -1.47183140e+11  0.00000000e+00 -1.71954195e+08 -1.71954195e+08
   0.00000000e+00  0.00000000e+00  0.00000000e+00  0.00000000e+00]
 [ 1.71954195e+08  1.71954195e+08  0.00000000e+00  0.00000000e+00
   0.00000000e+00  0.00000000e+00 -1.71954195e+08 -1.71954195e+08
   0.00000000e+00  0.00000000e+00  0.00000000e+00  0.00000000e+00]
 [ 0.00000000e+00  0.00000000e+00  1.12596011e+11 -3.94156604e+10
  -3.94156604e+10  3.94156604e+10 -7.31803509e+10  0.00000000e+00
   0.00000000e+00  0.00000000e+00  0.00000000e+00  0.00000000e+00]
 [ 0.00000000e+00  0.00000000e+00 -3.94156604e+10  3.94156604e+10
   3.94156604e+10 -3.94156604e+10  0.00000000e+00  0.00000000e+00
   0.00000000e+00  0.00000000e+00  0.00000000e+00  0.00000000e+00]
 [-1.47183140e+11  0.00000000e+00 -3.94156604e+10  3.94156604e+10
   3.04487393e+11 -2.65679894e+10  0.00000000e+00  0.00000000e+00
  -1.05040921e+11  0.00000000e+00 -1.28476710e+10 -1.28476710e+10]
 [ 0.00000000e+00  0.00000000e+00  3.94156604e+10 -3.94156604e+10
  -2.65679894e+10  5.27570809e+10  0.00000000e+00 -4.93749563e+08
   0.00000000e+00  0.00000000e+00 -1.28476710e+10 -1.28476710e+10]
 [-1.71954195e+08 -1.71954195e+08 -7.31803509e+10  0.00000000e+00
   0.00000000e+00  0.00000000e+00  1.76781873e+11 -6.29112416e+08
  -8.01066611e+08  8.01066611e+08 -1.02628501e+11  0.00000000e+00]
 [-1.71954195e+08 -1.71954195e+08  0.00000000e+00  0.00000000e+00
   0.00000000e+00 -4.93749563e+08 -6.29112416e+08  1.46677037e+09
   8.01066611e+08 -8.01066611e+08  0.00000000e+00  0.00000000e+00]
 [ 0.00000000e+00  0.00000000e+00  0.00000000e+00  0.00000000e+00
  -1.05040921e+11  0.00000000e+00 -8.01066611e+08  8.01066611e+08
   1.05841988e+11 -8.01066611e+08  0.00000000e+00  0.00000000e+00]
 [ 0.00000000e+00  0.00000000e+00  0.00000000e+00  0.00000000e+00
   0.00000000e+00  0.00000000e+00  8.01066611e+08 -8.01066611e+08
  -8.01066611e+08  1.28742652e+09  0.00000000e+00 -4.86359908e+08]
 [ 0.00000000e+00  0.00000000e+00  0.00000000e+00  0.00000000e+00
  -1.28476710e+10 -1.28476710e+10 -1.02628501e+11  0.00000000e+00
   0.00000000e+00  0.00000000e+00  1.15476172e+11  1.28476710e+10]
 [ 0.00000000e+00  0.00000000e+00  0.00000000e+00  0.00000000e+00
  -1.28476710e+10 -1.28476710e+10  0.00000000e+00  0.00000000e+00
   0.00000000e+00 -4.86359908e+08  1.28476710e+10  1.33340309e+10]]
